1

260 85
261


x_kod_ball == (n) and y_kod_ball == (n)


102.0314551552853 345.7562309635116
100.95594574110056 344.68072154932685
99.82562246154944 343.662973897055
98.6435834541734 342.7057775822682
97.4130686057291 341.81175621353134
96.13745067188411 340.9833602412735
94.90693582343981 340.08933887253664
93.72489681606376 339.13214255774983
92.59457353651264 338.114394905478
91.5190641223279 337.03888549129323
90.50131647005608 335.9085622117421
89.54412015526928 334.72652320436606
88.65009878653242 333.4960083559218
87.82170281427457 332.2203904220768
87.06120281427457 330.90316578292067
86.37068326417072 329.54794485963015
85.75203683005243 328.15844221855576
85.20695917879404 326.7384663898535
84.73694433034974 325.29190942856854
84.34328056274882 323.8227362467829
84.02704688101501 322.33497374606674
83.78911005968882 320.8326997800215
83.63012226705872 319.32003197716637
83.47113447442862 317.8073641743112
83.31214668179852 316.29469637145604
83.15315888916842 314.7820285686009
82.99417109653832 313.2693607657457
82.83518330390822 311.75669296289055
82.67619551127812 310.2440251600354
110.0 399.999
110.0 399.999
110.0 399.999
110.0 399.99800000000005
110.0 399.99700000000007
110.0 399.9960000000001
110.0 399.9950000000001
110.0 399.99400000000014
110.0 399.99300000000017
110.0 399.9920000000002
110.0 399.9910000000002
110.0 399.99000000000024
110.0 399.98900000000026
110.0 399.9880000000003
110.0 399.9870000000003
110.0 399.98600000000033
110.0 399.98500000000035
110.0 399.9840000000004
110.0 399.9830000000004
110.0 399.9820000000004
110.0 399.98100000000045
110.0 399.9800000000005
110.0 399.9790000000005
110.0 399.9780000000005
110.0 399.97700000000054
110.0 399.97600000000057
110.0 399.9750000000006
110.0 399.9740000000006
110.0 399.97300000000064
110.0 399.97200000000066
110.0 399.9710000000007
110.0 399.9700000000007
110.0 399.96900000000073
110.0 399.96800000000076
110.0 399.9670000000008
110.0 399.9660000000008
110.0 399.9650000000008
110.0 399.96400000000085
110.0 399.9630000000009
110.0 399.9620000000009
110.0 399.9610000000009
110.0 399.96000000000095
110.0 399.95900000000097
110.0 399.958000000001
110.0 399.957000000001
110.0 399.95600000000104
110.0 399.95500000000106
110.0 399.9540000000011
110.0 399.9530000000011
110.0 399.95200000000114
110.0 399.95100000000116
110.0 399.9500000000012
110.0 399.94900000

x = 87 - 110 
y 330 - 400